334641.189100 4263443.693000 1650.024900
334641.201292 4263443.702144 1642.404900
334641.234820 4263443.729576 1634.784900
334641.274444 4263443.766152 1627.164900
334641.298828 4263443.790536 1619.544900
334641.332356 4263443.772248 1611.924900
334641.399412 4263443.738720 1604.304900
334641.484756 4263443.738720 1596.684900
334641.551812 4263443.766152 1589.067948
334641.588388 4263443.793584 1581.447948
334641.609724 4263443.799680 1573.827948
334641.643252 4263443.778344 1566.207948
334641.698116 4263443.747864 1558.587948
334641.777364 4263443.720432 1550.967948
334641.874900 4263443.717384 1543.347948
334641.972436 4263443.741768 1535.727948
334642.051684 4263443.769200 1528.107948
334642.112644 4263443.778344 1520.490996
334642.164460 4263443.769200 1512.870996
334642.225420 4263443.741768 1505.250996
334642.316860 4263443.705192 1497.630996
334642.444876 4263443.686904 1490.010996
334642.588132 4263443.702144 1482.394044
334642.716148 4263443.735672 1474.774044
334642.831972 4263443.769200 1467.154044
334642.947796 4263443.781392 1459.537092
334643.069716 4263443.778344 1451.917092
334643.231260 4263443.757008 1444.300140
334643.435476 4263443.757008 1436.683188
334643.633596 4263443.784440 1429.063188
334643.816476 4263443.817968 1421.446236
334643.996308 4263443.836256 1413.829284
334644.170044 4263443.842352 1406.209284
334644.340732 4263443.827112 1398.592332
334644.547996 4263443.805776 1390.975380
334644.782692 4263443.796632 1383.358428
334645.023484 4263443.808824 1375.744524
334645.261228 4263443.830160 1368.127572
334645.489828 4263443.863688 1360.510620
334645.709284 4263443.888072 1352.893668
334645.928740 4263443.909408 1345.276716
334646.151244 4263443.918552 1337.659764
334646.382892 4263443.912456 1330.042812
334646.657212 4263443.900264 1322.428908
334646.937628 4263443.909408 1314.815004
334647.190612 4263443.939888 1307.198052
334647.431404 4263443.945984 1299.581100
334647.690484 4263443.927696 1291.967196
334647.946516 4263443.906360 1284.350244
334648.150732 4263443.906360 1276.733292
334648.269604 4263443.915504 1269.113292
334648.333612 4263443.912456 1261.493292
334648.373236 4263443.912456 1253.873292
334648.394572 4263443.903312 1246.253292
334648.415908 4263443.881976 1238.633292
334648.461628 4263443.860640 1231.016340
334648.531732 4263443.863688 1223.396340
334648.598788 4263443.891120 1215.776340
334648.644508 4263443.930744 1208.156340
334648.653652 4263443.958176 1200.536340
334648.678036 4263443.955128 1192.916340
334648.742044 4263443.958176 1185.296340
334648.787764 4263443.985608 1177.676340
334648.815196 4263443.988656 1170.056340
334648.876156 4263443.973416 1162.436340
334648.964548 4263443.979512 1154.816340
334649.040748 4263444.000848 1147.196340
334649.107804 4263444.016088 1139.579388
334649.180956 4263444.019136 1131.959388
334649.269348 4263444.000848 1124.339388
334649.376028 4263443.949032 1116.719388
334649.513188 4263443.903312 1109.102436
334649.635108 4263443.872832 1101.482436
334649.760076 4263443.824064 1093.862436
334649.885044 4263443.769200 1086.245484
334649.997820 4263443.699096 1078.625484
334650.119740 4263443.610704 1071.008532
334650.217276 4263443.513168 1063.388532
334650.278236 4263443.406488 1055.768532
334650.293476 4263443.296760 1048.151580
334650.262996 4263443.193128 1040.531580
334650.226420 4263443.086448 1032.911580
334650.171556 4263443.004152 1025.291580
334650.070972 4263442.927952 1017.674628
334649.967340 4263442.815176 1010.054628
334649.894188 4263442.696304 1002.437676
334649.827132 4263442.610960 994.817676
334649.753980 4263442.534760 987.197676
334649.689972 4263442.440272 979.577676
334649.650348 4263442.348832 971.960724
334649.635108 4263442.248248 964.340724
334649.610724 4263442.141568 956.720724
334649.555860 4263442.040984 949.100724
334649.491852 4263441.928208 941.483772
334649.421748 4263441.788000 933.863772
334649.379076 4263441.659984 926.246820
334649.348596 4263441.559400 918.626820
334649.281540 4263441.461864 911.006820
334649.196196 4263441.339944 903.389868
334649.138284 4263441.202784 895.769868
334649.092564 4263441.077816 888.152916
334649.049892 4263440.946752 880.532916
334649.013316 4263440.833976 872.912916
334648.952356 4263440.736440 865.295964
334648.891396 4263440.608424 857.675964
334648.830436 4263440.477360 850.059012
334648.748140 4263440.367632 842.439012
334648.623172 4263440.294480 834.819012
334648.458580 4263440.251808 827.202060
334648.281796 4263440.215232 819.585108
334648.092820 4263440.169512 811.968156
334647.925180 4263440.117696 804.348156
334647.794116 4263440.075024 796.731204
334647.669148 4263440.071976 789.111204
334647.538084 4263440.102456 781.491204
334647.394828 4263440.135984 773.874252
334647.245476 4263440.169512 766.254252
334647.105268 4263440.190848 758.637300
334646.995540 4263440.199992 751.017300
334646.904100 4263440.236568 743.397300
334646.791324 4263440.288384 735.780348
334646.687692 4263440.315816 728.160348
334646.608444 4263440.349344 720.540348
334646.510908 4263440.379824 712.920348
334646.419468 4263440.401160 705.300348
334646.343268 4263440.452976 697.683396
334646.254876 4263440.495648 690.063396
334646.172580 4263440.538320 682.443396
334646.090284 4263440.608424 674.823396
334646.004940 4263440.645000 667.203396
334645.940932 4263440.684624 659.586444
334645.892164 4263440.742536 651.966444
334645.858636 4263440.800448 644.346444
334645.822060 4263440.858360 636.726444
334645.791580 4263440.904080 629.106444
334645.785484 4263440.940656 621.486444
334645.806820 4263440.968088 613.866444
334645.858636 4263440.971136 606.246444
334645.919596 4263440.955896 598.626444
334646.004940 4263440.934560 591.006444
334646.096380 4263440.910176 583.389492
334646.193916 4263440.879696 575.769492
334646.300596 4263440.864456 568.149492
334646.404228 4263440.873600 560.529492
334646.510908 4263440.876648 552.909492
334646.587108 4263440.855312 545.292540
334646.666356 4263440.818736 537.672540
334646.757796 4263440.782160 530.052540
334646.846188 4263440.757776 522.432540
334646.943724 4263440.742536 514.812540
334647.032116 4263440.739488 507.195588
334647.108316 4263440.736440 499.575588
334647.181468 4263440.730344 491.955588
334647.275956 4263440.721200 484.335588
334647.367396 4263440.699864 476.715588
334647.455788 4263440.684624 469.095588
334647.556372 4263440.669384 461.478636
334647.678292 4263440.648048 453.858636
334647.803260 4263440.638904 446.238636
334647.909940 4263440.635856 438.621684
334648.034908 4263440.626712 431.001684
334648.156828 4263440.617568 423.381684
334648.245220 4263440.590136 415.761684
334648.342756 4263440.547464 408.144732
334648.425052 4263440.510888 400.524732
334648.476868 4263440.489552 392.904732
334648.559164 4263440.468216 385.284732
334648.641460 4263440.465168 377.664732
334648.699372 4263440.456024 370.044732
334648.751188 4263440.434688 362.424732
334648.821292 4263440.416400 354.804732
334648.903588 4263440.373728 347.187780
334648.976740 4263440.337152 339.567780
334649.040748 4263440.309720 331.947780
334649.119996 4263440.282288 324.327780
334649.205340 4263440.257904 316.707780
334649.284588 4263440.248760 309.087780
334649.360788 4263440.257904 301.467780
334649.446132 4263440.273144 293.850828
334649.565004 4263440.300576 286.230828
334649.683876 4263440.309720 278.610828
334649.790556 4263440.331056 270.993876
334649.897236 4263440.346296 263.373876
334650.013060 4263440.324960 255.753876
334650.159364 4263440.303624 248.136924
334650.305668 4263440.300576 240.516924
334650.442828 4263440.285336 232.896924
334650.586084 4263440.236568 225.279972
334650.747628 4263440.154272 217.663020
334650.936604 4263440.041496 210.046068
334651.165204 4263439.901288 202.429116
334651.421236 4263439.733648 194.815212
334651.695556 4263439.550768 187.204356
334651.972924 4263439.355696 179.590452
334652.238100 4263439.139288 171.979596
334652.515468 4263438.910688 164.365692
334652.777596 4263438.694280 156.754836
334652.933044 4263438.474824 149.140932
334653.048868 4263438.249272 141.523980
334653.167740 4263438.042008 133.907028
334653.250036 4263437.834744 126.290076
334653.295756 4263437.670152 118.673124
334653.335380 4263437.560424 111.053124
334653.368908 4263437.441552 103.436172
334653.387196 4263437.325728 95.816172
334653.426820 4263437.240384 88.196172
334653.487780 4263437.167232 80.576172
334653.576172 4263437.078840 72.959220
334653.719428 4263436.959968 65.339220
334653.887068 4263436.822808 57.722268
334654.048612 4263436.676504 50.105316
334654.216252 4263436.487528 42.491412
334654.380844 4263436.258928 34.874460
334654.496668 4263436.048616 27.260556
334654.545436 4263435.862688 19.640556
334654.530196 4263435.716384 12.023604
334654.450948 4263435.609704 4.403604
334654.325980 4263435.503024 -3.213348
334654.194916 4263435.390248 -10.830300
334654.100428 4263435.320144 -18.450300
334654.072996 4263435.274424 -26.070300
334654.152244 4263435.176888 -33.690300
334654.380844 4263434.990960 -41.304204
334654.813660 4263434.707496 -48.905916
334655.453740 4263434.302112 -56.486292
334656.243172 4263433.768712 -64.048380
334657.157572 4263433.089008 -71.583036
334658.206084 4263432.235568 -79.081116
334659.382612 4263431.202296 -86.536524
334660.626196 4263430.056248 -93.967548
334661.894164 4263428.904104 -101.392476
334663.186516 4263427.755008 -108.814356
334664.521540 4263426.587624 -116.224044
334665.905332 4263425.401952 -123.621540
334667.380564 4263424.173608 -130.997700
334668.992956 4263422.884304 -138.331188
334670.766892 4263421.530992 -145.618956
334672.729804 4263420.110624 -152.842716
334674.930460 4263418.620152 -159.984180
334677.313996 4263417.102248 -167.058588
334679.810308 4263415.602632 -174.102516
334682.422444 4263414.154832 -181.109868
334685.177836 4263412.780184 -188.080644
334688.052100 4263411.457352 -195.014844
334691.008660 4263410.149760 -201.912468
334694.047516 4263408.848264 -208.779612
334697.150380 4263407.543720 -215.616276
334700.305060 4263406.230032 -222.425508
334703.523748 4263404.888912 -229.201212
334706.833876 4263403.520360 -235.928148
334710.235444 4263402.127424 -242.600220
334713.743692 4263400.673528 -249.208284
334717.376908 4263399.155624 -255.731004
334721.156428 4263397.573712 -262.156188
334725.076156 4263395.933888 -268.480788
334729.126948 4263394.233104 -274.707852
334733.311852 4263392.450024 -280.819092
334737.597340 4263390.590744 -286.838892
334741.952932 4263388.636976 -292.779444
334746.348148 4263386.561288 -298.646844
334750.831756 4263384.345392 -304.395372
334755.443380 4263381.983192 -309.982356
334760.155588 4263379.505168 -315.432180
334764.962284 4263376.969232 -320.775324
334769.869564 4263374.424152 -326.020932
334774.853044 4263371.909552 -331.205580
334779.882244 4263369.501632 -336.399372
334784.954116 4263367.240016 -341.617548
334790.093044 4263365.085080 -346.814388
334795.326460 4263362.963672 -351.928932
334800.666556 4263360.808736 -356.921556
334806.159052 4263358.611128 -361.722156
334811.877100 4263356.468384 -366.278916
334817.845084 4263354.496328 -370.588788
334819.295932 4263354.054368 -371.573292
334824.063004 4263352.691912 -374.599956
334825.718068 4263352.249952 -375.587508
334830.500380 4263351.036848 -378.324612
334837.059676 4263349.500656 -381.890772
334843.695172 4263348.028472 -385.335012
334850.382484 4263346.541048 -388.666476
334857.152092 4263345.007904 -391.805916
334864.010092 4263343.453424 -394.750284
334870.892476 4263341.901992 -397.624548
334877.787052 4263340.356656 -400.480524
334884.675532 4263338.814368 -403.345644
334891.564012 4263337.247696 -406.204668
334898.446396 4263335.671880 -409.069788
334905.337924 4263334.117400 -411.928812
334912.232500 4263332.584256 -414.784788
334919.114884 4263331.075496 -417.686484
334925.966788 4263329.597216 -420.673524
334932.782116 4263328.106744 -423.742860
334939.560868 4263326.570552 -426.860964
334946.348764 4263324.997784 -429.945540
334953.173236 4263323.431112 -432.956964
334960.003804 4263321.901016 -435.962292
334966.834372 4263320.389208 -438.988956
334973.643604 4263318.865208 -442.046100
334980.431500 4263317.292440 -445.133724
334987.185868 4263315.655664 -448.254876
334993.912804 4263313.973168 -451.418700
335000.627548 4263312.287624 -454.603860
335007.351436 4263310.644752 -457.782924
335014.099708 4263309.029312 -460.931508
335020.844932 4263307.386440 -464.077044
335027.584060 4263305.697848 -467.207340
335034.341476 4263303.978776 -470.279724
335041.132420 4263302.244464 -473.272860
335047.947748 4263300.507104 -476.201988
335054.824036 4263298.763648 -478.981764
335061.758236 4263297.032384 -481.624380
335068.725964 4263295.337696 -484.202988
335075.727220 4263293.667392 -486.702348
335082.716284 4263292.024520 -489.256572
335089.656580 4263290.390792 -491.947956
335096.545060 4263288.747920 -494.758212
335103.393916 4263287.102000 -497.659908
335110.215340 4263285.474368 -500.646948
335116.984948 4263283.886360 -503.762004
335123.717980 4263282.331880 -506.974596
335130.432724 4263280.795688 -510.229860
335137.129180 4263279.283880 -513.539988
335143.804300 4263277.796456 -516.901932
335150.467228 4263276.324272 -520.291308
335157.099676 4263274.855136 -523.741644
335163.701644 4263273.389048 -527.252940
335170.346284 4263271.922960 -530.684988
335177.057980 4263270.462968 -533.982924
335183.818444 4263268.993832 -537.177228
335190.591100 4263267.500312 -540.331908
335197.363756 4263265.964120 -543.471348
335204.142508 4263264.363920 -546.562020
335210.899924 4263262.721048 -549.674028
335217.596380 4263261.044648 -552.901860
335224.222732 4263259.322528 -556.248564
335230.806412 4263257.560784 -559.650132
335237.350468 4263255.783800 -563.127900
335243.848804 4263254.009864 -566.691012
335250.270940 4263252.245072 -570.394332
335256.641260 4263250.498568 -574.192140
335263.017676 4263248.770352 -577.986900
335269.397140 4263247.060424 -581.790804
335275.794892 4263245.374880 -585.570324
335282.213980 4263243.704576 -589.319364
335288.639164 4263242.034272 -593.062308
335295.076540 4263240.357872 -596.777820
335301.550492 4263238.678424 -600.429324
335308.070164 4263237.002024 -604.001580
335314.629460 4263235.340864 -607.503732
335321.228380 4263233.697992 -610.938828
335327.882164 4263232.064264 -614.279436
335334.569476 4263230.457968 -617.559084
335341.226308 4263228.888248 -620.914932
335347.864852 4263227.342912 -624.325644
335354.521684 4263225.821960 -627.705876
335361.175468 4263224.319296 -631.101348
335367.829252 4263222.834920 -634.509012
335374.455604 4263221.359688 -637.965444
335381.051476 4263219.884456 -641.488932
335387.619916 4263218.403128 -645.055092
335394.173116 4263216.912656 -648.648684
335400.720220 4263215.409992 -652.239228
335407.273420 4263213.901232 -655.826724
335413.826620 4263212.398568 -659.414220
335420.379820 4263210.898952 -663.001716
335426.920828 4263209.399336 -666.607500
335433.446596 4263207.884480 -670.243764
335439.944932 4263206.351336 -673.913556
335446.415836 4263204.796856 -677.626020
335452.877596 4263203.242376 -681.353724
335459.336308 4263201.672656 -685.075332
335465.773684 4263200.081600 -688.833516
335472.180580 4263198.466160 -692.628276
335478.608812 4263196.832432 -696.380364
335485.094956 4263195.198704 -700.028820
335491.629868 4263193.577168 -703.594980
335498.210500 4263191.970872 -707.087988
335504.827708 4263190.376768 -710.513940
335511.484540 4263188.804000 -713.869788
335518.193188 4263187.261712 -717.137244
335524.947556 4263185.752952 -720.325452
335531.738500 4263184.259432 -723.443556
335538.559924 4263182.762864 -726.491556
335545.396588 4263181.223624 -729.481644
335552.221060 4263179.586848 -732.453444
335559.018100 4263177.864728 -735.431340
335565.809044 4263176.093840 -738.403140
335572.584748 4263174.329048 -741.411516
335579.290348 4263172.594736 -744.584484
335585.944132 4263170.878712 -747.879372
335592.597916 4263169.168784 -751.177308
335599.260844 4263167.468000 -754.463052
335605.969492 4263165.812936 -757.672596
335612.742148 4263164.227976 -760.781556
335619.551380 4263162.685688 -763.835652
335626.366708 4263161.164736 -766.886700
335633.182036 4263159.662072 -769.943844
335640.006508 4263158.150264 -772.982700
335646.846220 4263156.620168 -775.972788
335653.698124 4263155.096168 -778.938492
335660.553076 4263153.578264 -781.895052
335667.408028 4263152.042072 -784.845516
335674.250788 4263150.502832 -787.829508
335681.069164 4263148.972736 -790.868364
335687.878396 4263147.463976 -793.931604
335694.702868 4263146.010080 -796.997892
335701.548676 4263144.592760 -800.030652
335708.412772 4263143.172392 -803.014644
335715.273820 4263141.782504 -806.029116
335722.116580 4263140.438336 -809.098452
335728.938004 4263139.136840 -812.231796
335735.735044 4263137.881064 -815.438292
335742.513796 4263136.664912 -818.702700
335749.277308 4263135.470096 -822.006732
335756.010340 4263134.275280 -825.362580
335762.752516 4263133.071320 -828.703188
335769.522124 4263131.876504 -831.995028
335776.306972 4263130.709120 -835.259436
335780.900308 4263129.813008 -837.481428
335806.281004 4263124.146776 -850.215972
335831.378236 4263117.919712 -863.243124
335834.029996 4263117.203432 -864.633012
335839.787668 4263115.676384 -867.613956
335856.829036 4263111.396992 -876.120924
335882.325556 4263105.304040 -888.413508
335899.565044 4263101.402600 -896.670540
335922.498196 4263096.455696 -907.661628
