334641.189100 4263443.693000 1650.024900
334641.146428 4263443.750912 1625.640900
334641.048892 4263443.888072 1596.684900
334640.914780 4263444.031328 1568.643300
334640.762380 4263444.165440 1540.604748
334640.689228 4263444.229448 1511.953548
334640.734948 4263444.101432 1482.997548
334640.808100 4263443.824064 1454.041548
334640.786764 4263443.549744 1424.783796
334640.701420 4263443.223608 1396.132596
334640.622172 4263442.705448 1367.182692
334640.527684 4263441.998312 1338.540636
334640.445388 4263441.105248 1309.599876
334640.463676 4263440.108552 1280.963916
334640.567308 4263439.166720 1252.023156
334640.667892 4263438.441296 1222.771500
334640.811148 4263438.002384 1193.821596
334641.067180 4263437.758544 1164.865596
334641.396364 4263437.551280 1135.912644
334641.801748 4263437.429360 1106.654892
334642.249804 4263437.511656 1077.701940
334642.557652 4263437.898752 1048.447236
334642.444876 4263438.404720 1019.497332
334642.002916 4263438.672944 990.544380
334641.564004 4263438.593696 961.896228
334641.432940 4263438.304136 933.248076
334641.658492 4263438.078584 904.599924
334641.978532 4263438.145640 875.948724
334642.118740 4263438.554072 847.303620
334641.890140 4263439.044800 818.350668
334641.414652 4263439.215488 789.705564
334641.140332 4263439.026512 760.752612
334641.338452 4263438.724760 731.796612
334641.893188 4263438.645512 703.151508
334642.414396 4263439.047848 674.509452
334642.536316 4263439.706216 645.867396
334642.240660 4263440.120744 616.914444
334641.820036 4263440.142080 588.266292
334641.618868 4263439.956152 559.618140
334641.795652 4263439.818992 530.662140
334642.292476 4263439.986632 502.321836
334642.856356 4263440.538320 473.073228
334643.115436 4263441.309464 444.431172
334642.956940 4263442.016600 415.487364
334642.499740 4263442.364072 386.537460
334642.057780 4263442.284824 357.584508
334641.880996 4263441.885536 328.936356
334642.115692 4263441.489296 299.983404
334642.560700 4263441.666080 271.338300
334642.627756 4263442.361024 242.696244
334642.146172 4263442.848704 213.749388
334641.567052 4263442.772504 185.104284
334641.311020 4263442.300064 156.154380
334641.570100 4263441.711800 127.204476
334641.631060 4263441.653888 124.159524
334641.692020 4263441.599024 121.111524
334641.756028 4263441.550256 118.063524
334641.823084 4263441.504536 115.018572
334641.890140 4263441.461864 111.970572
334641.957196 4263441.425288 108.922572
334642.027300 4263441.391760 105.877620
334642.100452 4263441.361280 102.829620
334642.173604 4263441.336896 99.781620
334642.246756 4263441.315560 96.736668
334642.322956 4263441.297272 93.688668
334642.402204 4263441.285080 90.640668
334642.478404 4263441.272888 87.595716
334642.560700 4263441.269840 84.547716
334642.642996 4263441.266792 81.499716
334642.725292 4263441.269840 78.454764
334642.807588 4263441.275936 75.406764
334642.892932 4263441.282032 72.361812
334642.975228 4263441.291176 69.313812
334643.054476 4263441.303368 66.265812
334643.136772 4263441.318608 63.220860
334643.216020 4263441.333848 60.172860
334643.295268 4263441.352136 57.124860
334643.371468 4263441.370424 54.079908
334643.447668 4263441.394808 51.031908
334643.523868 4263441.419192 47.983908
334643.600068 4263441.446624 44.938956
334643.673220 4263441.477104 41.890956
334643.743324 4263441.513680 38.842956
334643.810380 4263441.550256 35.798004
334643.877436 4263441.595976 32.750004
334643.941444 4263441.641696 29.702004
334644.005452 4263441.693512 26.657052
334644.066412 4263441.751424 23.609052
334644.124324 4263441.809336 20.564100
334644.179188 4263441.870296 17.516100
334644.231004 4263441.931256 14.468100
334644.276724 4263441.992216 11.423148
334644.316348 4263442.053176 8.375148
334644.352924 4263442.114136 5.327148
334644.383404 4263442.172048 2.279148
334644.407788 4263442.229960 -0.765804
334644.429124 4263442.287872 -3.813804
334644.444364 4263442.345784 -6.861804
334644.456556 4263442.403696 -9.909804
334644.465700 4263442.452464 -12.957804
334644.471796 4263442.498184 -16.005804
334644.477892 4263442.531712 -19.053804
334644.483988 4263442.562192 -22.098756
334644.490084 4263442.583528 -25.146756
334644.493132 4263442.598768 -28.194756
334644.493132 4263442.604864 -31.242756
334644.496180 4263442.604864 -34.290756
334644.496180 4263442.598768 -37.338756
334644.499228 4263442.586576 -40.386756
334644.505324 4263442.571336 -43.434756
334644.520564 4263442.553048 -46.482756
334644.538852 4263442.531712 -49.530756
334644.566284 4263442.507328 -52.578756
334644.596764 4263442.476848 -55.626756
334644.633340 4263442.443320 -58.674756
334644.676012 4263442.406744 -61.722756
334644.724780 4263442.367120 -64.770756
334644.779644 4263442.324448 -67.815708
334644.840604 4263442.278728 -70.863708
334644.904612 4263442.236056 -73.911708
334644.977764 4263442.190336 -76.956660
334645.050916 4263442.147664 -80.004660
334645.133212 4263442.104992 -83.052660
334645.221604 4263442.062320 -86.097612
334645.313044 4263442.016600 -89.142564
334645.410580 4263441.973928 -92.190564
334645.511164 4263441.931256 -95.235516
334645.614796 4263441.888584 -98.283516
334645.715380 4263441.845912 -101.328468
334645.812916 4263441.803240 -104.373420
334645.907404 4263441.760568 -107.421420
334646.001892 4263441.714848 -110.466372
334646.093332 4263441.672176 -113.514372
334646.184772 4263441.626456 -116.559324
334646.270116 4263441.583784 -119.604276
334646.355460 4263441.538064 -122.652276
334646.443852 4263441.492344 -125.697228
334646.535292 4263441.449672 -128.745228
334646.635876 4263441.410048 -131.790180
334646.745604 4263441.370424 -134.838180
334646.864476 4263441.333848 -137.883132
334646.992492 4263441.297272 -140.928084
334647.126604 4263441.263744 -143.973036
334647.269860 4263441.233264 -147.017988
334647.419212 4263441.202784 -150.059892
334647.583804 4263441.175352 -153.104844
334647.766684 4263441.147920 -156.146748
334647.986140 4263441.120488 -159.185604
334648.236076 4263441.093056 -162.224460
334648.519540 4263441.062576 -165.260268
334648.836532 4263441.035144 -168.289980
334649.184004 4263441.007712 -171.316644
334649.568052 4263440.980280 -174.343308
334649.982580 4263440.952848 -177.360828
334650.427588 4263440.925416 -180.375300
334650.906124 4263440.897984 -183.386724
334651.418188 4263440.870552 -186.392052
334651.963780 4263440.843120 -189.391284
334652.539852 4263440.815688 -192.381372
334653.146404 4263440.785208 -195.368412
334653.789532 4263440.757776 -198.349356
334654.460092 4263440.730344 -201.321156
334655.167228 4263440.702912 -204.286860
334655.901796 4263440.675480 -207.243420
334656.669892 4263440.645000 -210.193884
334657.456276 4263440.599280 -213.138252
334658.257900 4263440.532224 -216.079572
334659.071716 4263440.443832 -219.014796
334659.897724 4263440.331056 -221.946972
334660.735924 4263440.196944 -224.873052
334661.589364 4263440.038448 -227.796084
334662.454996 4263439.858616 -230.713020
334663.332820 4263439.657448 -233.623860
334664.225884 4263439.434944 -236.531652
334665.125044 4263439.197200 -239.433348
334666.030300 4263438.953360 -242.331996
334666.941652 4263438.706472 -245.230644
334667.862148 4263438.453488 -248.126244
334668.782644 4263438.197456 -251.018796
334669.709236 4263437.935328 -253.911348
334670.632780 4263437.670152 -256.803900
334671.553276 4263437.401928 -259.696452
334672.467676 4263437.127608 -262.592052
334673.379028 4263436.853288 -265.487652
334674.281236 4263436.572872 -268.386300
334675.168204 4263436.286360 -271.287996
334676.042980 4263435.990704 -274.192740
334676.908612 4263435.688952 -277.100532
334677.768148 4263435.378056 -280.008324
334678.621588 4263435.064112 -282.916116
334679.471980 4263434.744072 -285.823908
334680.325420 4263434.417936 -288.734748
334681.191052 4263434.085704 -291.636444
334682.084116 4263433.735184 -294.528996
334683.016804 4263433.360280 -297.406308
334683.979972 4263432.973184 -300.274476
334684.967524 4263432.564752 -303.127404
334685.967268 4263432.147176 -305.977284
334686.973108 4263431.720456 -308.824116
334687.988092 4263431.284592 -311.661804
334689.024412 4263430.836536 -314.496444
334690.079020 4263430.379336 -317.315844
334691.151916 4263429.906896 -320.132196
334692.237004 4263429.419216 -322.936356
334693.325140 4263428.916296 -325.740516
334694.422420 4263428.401184 -328.535532
334695.531892 4263427.867784 -331.324452
334696.668796 4263427.325240 -334.098132
334697.839228 4263426.764408 -336.856572
334699.040140 4263426.188336 -339.599772
334700.274580 4263425.593976 -342.321636
334701.554740 4263424.984376 -345.022164
334702.865380 4263424.365632 -347.701356
334704.188212 4263423.746888 -350.377500
334705.520188 4263423.122048 -353.047548
334706.870452 4263422.497208 -355.705404
334708.248148 4263421.866272 -358.351068
334709.656324 4263421.232288 -360.978444
334711.101076 4263420.589160 -363.584484
334712.585452 4263419.946032 -366.169188
334714.106404 4263419.305952 -368.729508
334715.679172 4263418.671968 -371.262396
334717.300708 4263418.053224 -373.767852
334718.949676 4263417.443624 -376.258068
334720.623028 4263416.843168 -378.736092
334722.311620 4263416.251856 -381.201924
334724.024596 4263415.672736 -383.655564
334725.761956 4263415.111904 -386.093964
334727.535892 4263414.572408 -388.514076
334729.340308 4263414.057296 -390.918948
334731.181300 4263413.566568 -393.296388
334733.058868 4263413.109368 -395.652492
334734.957772 4263412.682648 -397.999452
334736.874964 4263412.274216 -400.334220
334738.804348 4263411.877976 -402.659844
334740.752020 4263411.487832 -404.973276
334742.724076 4263411.106832 -407.265372
334744.726612 4263410.725832 -409.530036
334746.765724 4263410.347880 -411.764220
334748.838364 4263409.969928 -413.964876
334750.947580 4263409.595024 -416.135052
334753.084228 4263409.217072 -418.274748
334755.233068 4263408.836072 -420.402252
334757.397148 4263408.448976 -422.511468
334759.582564 4263408.061880 -424.602396
334761.786268 4263407.674784 -426.671988
334764.014356 4263407.284640 -428.717196
334766.257684 4263406.894496 -430.741068
334768.519300 4263406.498256 -432.743604
334770.802252 4263406.095920 -434.727852
334773.106540 4263405.681392 -436.678572
334775.432164 4263405.257720 -438.601860
334777.782172 4263404.824904 -440.491620
334780.153516 4263404.376848 -442.353948
334782.543148 4263403.922696 -444.191892
334784.951068 4263403.459400 -446.002404
334787.380324 4263402.986960 -447.779388
334789.827868 4263402.508424 -449.531988
334792.293700 4263402.017696 -451.254108
334794.774772 4263401.508680 -452.951844
334797.268036 4263400.981376 -454.625196
334799.770444 4263400.444928 -456.280260
334802.288092 4263399.896288 -457.907892
334804.817932 4263399.338504 -459.514188
334807.353868 4263398.774624 -461.108292
334809.895900 4263398.207696 -462.690204
334812.440980 4263397.640768 -464.269068
334814.992156 4263397.070792 -465.838788
334817.555524 4263396.497768 -467.384124
334820.137180 4263395.924744 -468.902028
334822.734076 4263395.345624 -470.386404
334825.349260 4263394.769552 -471.843348
334827.973588 4263394.190432 -473.278956
334830.604012 4263393.614360 -474.708468
334833.243580 4263393.047432 -476.122740
334835.901436 4263392.489648 -477.503484
334838.574532 4263391.941008 -478.862892
334841.259820 4263391.395416 -480.200964
334843.957300 4263390.852872 -481.514652
334846.660876 4263390.307280 -482.810052
334849.367500 4263389.761688 -484.096308
334852.080220 4263389.213048 -485.376468
334854.792940 4263388.664408 -486.650532
334857.514804 4263388.115768 -487.909356
334860.245812 4263387.570176 -489.149892
334862.979868 4263387.021536 -490.381284
334865.720020 4263386.475944 -491.597436
334868.463220 4263385.927304 -492.804444
334871.212516 4263385.378664 -494.005356
334873.961812 4263384.826976 -495.197124
334876.708060 4263384.272240 -496.398036
334879.457356 4263383.708360 -497.589804
334882.206652 4263383.135336 -498.775476
334884.940708 4263382.556216 -499.991628
334887.653428 4263381.964904 -501.244356
334890.350908 4263381.367496 -502.533660
334893.033148 4263380.767040 -503.847348
334895.712340 4263380.166584 -505.170180
334898.397628 4263379.560032 -506.480820
334901.092060 4263378.950432 -507.773172
334903.795636 4263378.337784 -509.035044
334906.511404 4263377.719040 -510.278628
334909.227172 4263377.094200 -511.510020
334911.933796 4263376.457168 -512.756652
334914.628228 4263375.804896 -514.024620
334917.316564 4263375.128240 -515.292588
334920.004900 4263374.430248 -516.545316
334922.677996 4263373.720064 -517.828524
334925.348044 4263373.000736 -519.111732
334928.027236 4263372.266168 -520.364460
334930.706428 4263371.519408 -521.611092
334933.397812 4263370.763504 -522.824196
334936.089196 4263369.998456 -524.037300
334938.756196 4263369.230360 -525.293076
334941.411004 4263368.456168 -526.573236
334944.068860 4263367.672832 -527.847300
334946.711476 4263366.880352 -529.142700
334949.341900 4263366.084824 -530.459436
334951.969276 4263365.283200 -531.779220
334954.575316 4263364.466336 -533.135580
334957.150876 4263363.628136 -534.531564
334959.702052 4263362.783840 -535.973268
334962.219700 4263361.936496 -537.463740
334964.725156 4263361.086104 -538.978596
334967.218420 4263360.226568 -540.505644
334969.687300 4263359.370080 -542.075364
334972.143988 4263358.510544 -543.660324
334974.594580 4263357.651008 -545.254428
334977.023836 4263356.794520 -546.888156
334979.437852 4263355.934984 -548.537124
334981.848820 4263355.072400 -550.192188
334984.253692 4263354.206768 -551.853348
334986.643324 4263353.338088 -553.529748
334989.036004 4263352.460264 -555.203100
334991.425636 4263351.582440 -556.879500
334993.812220 4263350.704616 -558.561996
334996.189660 4263349.829840 -560.256684
334998.554908 4263348.958112 -561.969660
335000.920156 4263348.086384 -563.679588
335003.282356 4263347.217704 -565.401708
335005.653700 4263346.349024 -567.108588
335008.043332 4263345.477296 -568.784988
335010.432964 4263344.611664 -570.467484
335012.831740 4263343.742984 -572.134740
335015.248804 4263342.877352 -573.780660
335017.671964 4263342.014768 -575.414388
335020.092076 4263341.155232 -577.057260
335022.515236 4263340.301792 -578.697084
335024.947540 4263339.442256 -580.321668
335027.388988 4263338.576624 -581.924916
335029.839580 4263337.710992 -583.515972
335032.281028 4263336.845360 -585.122268
335034.737716 4263335.973632 -586.701132
335037.215740 4263335.095808 -588.246468
335039.702908 4263334.217984 -589.773516
335042.190076 4263333.340160 -591.303612
335044.683340 4263332.459288 -592.818468
335047.204036 4263331.572320 -594.281508
335049.736924 4263330.682304 -595.726260
335052.282004 4263329.789240 -597.146628
335054.848420 4263328.887032 -598.521276
335057.420932 4263327.981776 -599.877636
335059.990396 4263327.076520 -601.246188
335062.569004 4263326.162120 -602.593404
335065.159804 4263325.241624 -603.910140
335067.756700 4263324.315032 -605.208588
335070.350548 4263323.385392 -606.510084
335072.950492 4263322.452704 -607.799388
335075.556532 4263321.507824 -609.067356
335078.159524 4263320.559896 -610.335324
335080.753372 4263319.611968 -611.627676
335083.335028 4263318.664040 -612.941364
335085.925828 4263317.710016 -614.233716
335088.513580 4263316.752944 -615.526068
335091.101332 4263315.789776 -616.821468
335093.682988 4263314.826608 -618.122964
335096.267692 4263313.857344 -619.412268
335098.864588 4263312.888080 -620.680236
335101.461484 4263311.924912 -621.954300
335104.070572 4263310.967840 -623.210076
335106.694900 4263310.026008 -624.435372
335109.328372 4263309.093320 -625.654572
335111.967940 4263308.169776 -626.867676
335114.604460 4263307.249280 -628.089924
335117.240980 4263306.328784 -629.312172
335119.880548 4263305.405240 -630.528324
335122.510972 4263304.487792 -631.759716
335125.144444 4263303.573392 -632.988060
335127.784012 4263302.665088 -634.213356
335130.426628 4263301.775072 -635.444748
335133.078388 4263300.894200 -636.663948
335135.724052 4263300.025520 -637.901436
335138.369716 4263299.165984 -639.148068
335141.030620 4263298.303400 -640.358124
335143.450732 4263297.517016 -641.467596
335159.278996 4263292.307984 -648.926052
335187.665020 4263283.456592 -662.322012
335213.429764 4263276.723560 -673.678860
335239.727908 4263271.224968 -684.471828
335266.617364 4263266.567624 -695.024004
335292.753964 4263262.617416 -706.063860
335318.902756 4263258.929336 -717.935820
335345.356348 4263254.759672 -729.728532
335371.319212 4263249.331184 -741.332268
335396.678572 4263243.155936 -753.149364
335422.138516 4263236.468624 -765.917436
335446.952284 4263229.260104 -778.984212
335471.400292 4263222.277136 -792.194244
335503.453060 4263213.282488 -809.433732
335528.781940 4263206.089208 -822.186564
335554.619836 4263198.859352 -833.860404
335580.250468 4263191.736176 -845.296500
335605.835380 4263184.335632 -857.406204
335631.060628 4263176.334632 -869.890812
335655.987172 4263168.074552 -882.802140
335680.855804 4263160.411880 -895.497060
335705.831116 4263153.486824 -907.707348
335732.680948 4263146.683688 -919.661604
335757.680644 4263141.243008 -929.555412
335784.414652 4263135.969968 -940.214268
335811.075508 4263130.639016 -951.034668
335830.265716 4263126.752816 -958.706484
